117015794
136749663
138596725
163258671
166257537
171009059
174542924
177401729   
186701077
186728673
189132099
202186429
209598103
214219413
225085036
22531328
227547597
229830492
247592930
264959287
274120583
279220752
281239144
284200626
299828405
340284752
341116795
34487471
345313085
360376293
366684739
381488317
385403405
403201908
414267073
416384490
422078605
426325810
450360460
455905081
469258189
474091172
47939632
488048582
493353793
490712050
500152958
505378742
506923797
511530429
513895205
516706794
521647204
55237942
554041558
584887150
6036369
613003712
627795307
638462680
640225356
643855649
644650595
645184439
645245876
656993687
661443208
709710356
745644161
749460154
751699082
751976184
764392270
773878230
774041628
779103466
784716616
792071462
800811803
807796604
807830966
810623978
813128763
817196794
829880159
835025700
835625601
844755909
844844493
847440887
851216161
851229442
857597715
876195797
881363717
894201358
897063320
903781719
903983060
988102541 
