119282327
132574586
13723837
145480909
163460027
167266783
171211446
194261750
213363220
213666661
217434189
234307207
242223291
251162124
254767576      
262041032
224708298
298748687
305289808
332924804
334241890
341406328
356869147
360442549
365272143
369187918
369911922       
397943176
412803721
413822515
419848252
422612213
43232842
459441022
462882352
464178673
475408357
478609895
482818690
487936697
492230683
494268191
49670915
500881716
508119167
514650855
522723104
523972092
56186826     
566452503
567156733
569876540
573790619
582018914
59129682
602043067
602907263
609718964
610125154
611555901
61277258
617411346
630041973
635234889
650314669
654928758
666748967
671847780
704410688
746164733
747617120
748350581
749353846
769982623
772453244
804237703
82415060
828675446
835495080
844543268
850041198
855796913
872354451
873220482
874709390
884545590
886639138
904355602
908911864
921980827 
923718958
926013843
930420092
946889627
95636781 
961109342
975271262
980807638
987307722 
988859381
