120425072
154637268
161520740    
169382141
170227116
171429968
172891950
176685989
192950136
201013914
204915203
209343586
211600396
219389560
227819827
229126047
239672728
243367841
274683979
27478808
276474879
276961344
279046649
283097056
287003930    
309019992
319337548
340196015    
367121440
375240667
380353794
381609158
38365838
393672489
415575720
444676623
460664911
461272539
474935023
483862123
493927460
496068459    
518156076
518534755
523212756
528422711
554613770    
566734581
568658381
574217288
578921995
590385660
591167149
593326815
596615848
59756283
610034128
62065802                                 
627176977
636246988
653170357
676485158
702876394
704555503
711354552
713789525
731788594
738214437
746873056
74708995
752975481
763380886
782019964
78483828
785965218
786409365
797621723
804933739
816760784
840177002
842975204
855807680
85779665
858393812
862309028
864096781    
90539019
910314289
916367302
921163937                      
924860305
94071870
948664415
971538459
975520543
976656028
98087436     
990077879
992975230
996521502
